3217179555
2150511032
1086233511
2366517924
2588520
2394069222
302010
313997999
2166787813
1286189071
900305520
208073736
2344328334
2359037744
512328381
1675718025
2115176080
1660209951
1832444080
1657430300
1735618041
1657421782
1644572034
1774817377
1854743504
1900887504
1642635773
1713926427
311109520
1744762545
1767125155
1674242970
1644587232
1644574352
1832447572
1842262067
1628951200
1920061532
1843443790
316593888
302072223
1749073777
1859691352
1992523932
1640494672
1762696131
1980478177
1762719777
1744491812
1757353251
1764222885
1097201945
1888442652
1854262562
1761216793
1567852087
1615743184
1671526850
1252373132
1766726607
1854471750
1718622107
1858319430
1848155523
1966380590
1642351200
1576214400
1733779624
1644394154
1646417027
1646465281
1678862287
2407164627
2647081007
1993292930
1864528464
1834257884
1742566624
1762436132
2156466452
1732701841
1890826225
1827257141
1985551380
2392008580
1593585873
1719010744
1757142323
1735373401
1851524785
1652194081
1740577714
2090476735
1660612723
1658364043
1780417033
82551047
1656078912
1905375702
1911406070
1921492804
1864500772
1831771274
2663743715
2010577105
1774860981
2200627424
2167335122
1670516181
1999595247
2276985863
2592543004
1844648431
2262489642
1338473324
1757475825
1833320640
1627450720
1902476317
1604340290
1639356433
1742987084
1713066300
1900594410
2231350825
1774698101
1978875447
206008777
2673667157
519934577
2674996595
1906604475
2682900195
1756434105
2231305221
1100678467
2231296431
1756667731
2219227283
1775767857
1776266241
2067331943
1789834424
1497162881
1558148043
2140284871
1802393212
228989
2097946410
2097932844
2097950882
2139102755
2144894545
2175520191
1740588825
1767248313
1830013185
1767159857
1766602023
1767221295
1765753583
1822375375
1766723175
1832545024
2141823895
2471336433
1907416652
2646679797
2088984657
1905377014
2122216355
2429847483
1871632420
2647692695
2089721401
2147536551
515514789
1774839495
2115304754
1811874254
312184888
1783033544
1927879232
1949360312
1748782693
2681503797
1948070382
1948101724
1949371564
1948102022
1948819552
1948815512
1923893337
1748763031
2568596550
1948338074
2681512707
2684181535
1541479862
2568434594
1948083542
1948079514
2568701310
2721446294
2521083932
1948817302
1641145250
2750021354
2721917812
2452293641
1948124100
1949368404
1948057342
1748767241
2722127134
2722130122
2675017235
2682872405
1748441195
2568295250
1250369822
1948182432
2684192385
2452986183
2721876184
2568647892
1948111924
1948108700
1748780391
2722122414
2750014162
1948824380
1748440125
2814382735
2684198075
1920345782
1920353674
1911249334
1923863193
1923919173
1911243470
1923891391
1911433160
1923831337
1923788975
1911233974
2814389525
1920331982
1923829097
1923824125
1911253150
1923803851
1923794433
1911259722
1911308774
1920374632
1923863213
1923855515
1911282934
1911443440
1923930007
1923831571
2813356813
2813356687
2813357103
2814388651
2814389185
1911489104
2814389191
1949357912
2814388731
1923811187
2814389651
2814389431
2814389605
2814389585
2813356967
2813357017
1948835152
2814388955
2814389225
2814386541
2568728582
2684186895
2684172805
2813356867
1911430212
2814389175
1748769924
1911420532
2813356747
1748779307
1920429764
1748439265
2681495977
2681495977
1948807862
2568794600
2682905285
1949316542
2721401744
2721458824
1949365444
2721873704
2721913952
2681473477
2722185294
2521084084
2684249195
2673685617
1949349964
1948098862
2722133854
1784839774
1949311290
2675011585
1923892477
2814389115
2813356843
2813356907
1748439627
1748777480
1949347672
1949352392
2230641783
2519414790
1038330705
2231256045
2856870577
